# WaveFront *.obj file (generated by CINEMA 4D)

mtllib ./kyilkhor.mtl

v 4.6190128326416 204.37667846679688 -0.08666983246803
v 4.57329273223877 204.31718444824219 -0.04689119011164
v 4.68252038955688 204.32118225097656 -0.09666347503662
v 4.63679981231689 204.26170349121094 -0.05688483268023
v 4.63495445251465 204.38844299316406 -0.05073830857873
v 4.58923435211182 204.32896423339844 -0.01095966715366
v 4.69846153259277 204.33296203613281 -0.06073195114732
v 4.65274143218994 204.27346801757812 -0.02095330879092
v 5.22865772247314 204.34120178222656 -0.34552484750748
v 5.16515064239502 204.39669799804688 -0.33553120493889
v 5.18293762207031 204.28172302246094 -0.3057461977005
v 5.11943006515503 204.33720397949219 -0.29575255513191
v 5.24459934234619 204.35298156738281 -0.30959334969521
v 5.18109178543091 204.40847778320312 -0.29959970712662
v 5.19887924194336 204.29348754882812 -0.26981472969055
v 5.13537168502808 204.34898376464844 -0.25982108712196
v 5.28948545455933 204.28373718261719 -0.36155867576599
v 5.22597789764404 204.3392333984375 -0.3515650331974
v 5.24376487731934 204.2242431640625 -0.32178002595901
v 5.18025779724121 204.27973937988281 -0.31178641319275
v 5.31078624725342 204.29946899414062 -0.31354683637619
v 5.24727916717529 204.35496520996094 -0.3035531938076
v 5.26506614685059 204.23997497558594 -0.27376818656921
v 5.20155906677246 204.29547119140625 -0.26377457380295
v 5.33520555496216 204.34323120117188 -0.40133732557297
v 5.27169799804688 204.39872741699219 -0.3913437128067
v 5.35650682449341 204.35896301269531 -0.35332551598549
v 5.29299926757812 204.41445922851562 -0.3433318734169
v 5.20819091796875 204.45420837402344 -0.38135007023811
v 5.16247081756592 204.39471435546875 -0.34157139062881
v 5.2294921875 204.46994018554688 -0.33333823084831
v 5.18377161026001 204.41044616699219 -0.29355955123901
v 5.14468336105347 204.50970458984375 -0.37135642766953
v 5.09896326065063 204.45021057128906 -0.33157777786255
v 5.16598463058472 204.52543640136719 -0.32334458827972
v 5.12026453018188 204.4659423828125 -0.28356593847275
v 5.11675024032593 204.33522033691406 -0.30179277062416
v 5.0532431602478 204.39071655273438 -0.29179912805557
v 5.13805150985718 204.3509521484375 -0.25378093123436
v 5.07454442977905 204.40644836425781 -0.24378728866577
v 5.1980447769165 204.16476440429688 -0.28200137615204
v 5.13453769683838 204.22024536132812 -0.27200773358345
v 5.21934604644775 204.18049621582031 -0.23398958146572
v 5.15583896636963 204.23597717285156 -0.22399593889713
v 5.0559229850769 204.39268493652344 -0.28575891256332
v 5.0737099647522 204.2777099609375 -0.25597393512726
v 5.01020288467407 204.33320617675781 -0.24598030745983
v 5.07186460494995 204.40446472167969 -0.24982744455338
v 5.08965158462524 204.28948974609375 -0.22004245221615
v 5.02614450454712 204.344970703125 -0.21004882454872
v 5.0710301399231 204.27572631835938 -0.26201409101486
v 5.09233140945435 204.29145812988281 -0.21400229632854
v 4.98973560333252 204.44619750976562 -0.28180548548698
v 5.00752305984497 204.33122253417969 -0.25202044844627
v 4.94401550292969 204.38670349121094 -0.24202682077885
v 5.01103687286377 204.46192932128906 -0.23379364609718
v 5.02882385253906 204.34695434570312 -0.20400866866112
v 4.96531677246094 204.40243530273438 -0.19401502609253
v 5.02531003952026 204.21624755859375 -0.22223545610905
v 4.96180295944214 204.271728515625 -0.21224181354046
v 5.04661130905151 204.23197937011719 -0.17422361671925
v 4.98310375213623 204.28746032714844 -0.16422998905182
v 4.88050842285156 204.44219970703125 -0.23203317821026
v 4.89829540252686 204.32722473144531 -0.20224818587303
v 4.83478832244873 204.38270568847656 -0.19225454330444
v 4.90180921554565 204.45793151855469 -0.18402138352394
v 4.91959667205811 204.34295654296875 -0.15423634648323
v 4.85608911514282 204.3984375 -0.14424270391464
v 4.94669532775879 204.38868713378906 -0.23598666489124
v 4.96448278427124 204.27371215820312 -0.20620165765285
v 4.90097522735596 204.32919311523438 -0.19620801508427
v 4.96263694763184 204.40046691894531 -0.20005518198013
v 4.98042392730713 204.28547668457031 -0.17027017474174
v 4.916916847229 204.34097290039062 -0.16027654707432
v 4.90097522735596 204.32919311523438 -0.19620801508427
v 4.83746767044067 204.38468933105469 -0.18621437251568
v 4.85525512695312 204.26969909667969 -0.15642938017845
v 4.79174757003784 204.3251953125 -0.14643573760986
v 4.916916847229 204.34097290039062 -0.16027653217316
v 4.85340929031372 204.39645385742188 -0.15028288960457
v 4.87119674682617 204.28147888183594 -0.12049788981676
v 4.80768918991089 204.33695983886719 -0.11050425469875
v 4.96180295944214 204.271728515625 -0.21224181354046
v 4.89829540252686 204.32722473144531 -0.20224817097187
v 4.91608238220215 204.21223449707031 -0.17246316373348
v 4.85257530212402 204.26773071289062 -0.16246953606606
v 4.98310375213623 204.28746032714844 -0.16422997415066
v 4.91959667205811 204.34295654296875 -0.15423633158207
v 4.9373836517334 204.22796630859375 -0.12445133179426
v 4.87387657165527 204.28346252441406 -0.11445769667625
v 4.77128076553345 204.43818664550781 -0.18226090073586
v 4.78906774520874 204.32321166992188 -0.15247589349747
v 4.72556066513062 204.37870788574219 -0.14248225092888
v 4.7925820350647 204.45391845703125 -0.13424906134605
v 4.81036901473999 204.33894348144531 -0.10446406155825
v 4.74686145782471 204.39443969726562 -0.09447041898966
v 4.81700086593628 204.4976806640625 -0.22203953564167
v 4.75349378585815 204.55317687988281 -0.21204589307308
v 4.70777320861816 204.49368286132812 -0.17226725816727
v 4.83830213546753 204.51341247558594 -0.17402774095535
v 4.77479457855225 204.56890869140625 -0.16403409838676
v 4.72907447814941 204.50941467285156 -0.12425541877747
v 4.68998622894287 204.60865783691406 -0.20205225050449
v 4.64426612854004 204.54916381835938 -0.16227361559868
v 4.71128749847412 204.6243896484375 -0.15404045581818
v 4.66556739807129 204.56489562988281 -0.11426177620888
v 4.7357063293457 204.66815185546875 -0.24183091521263
v 4.67219924926758 204.72364807128906 -0.23183727264404
v 4.62647914886475 204.66415405273438 -0.19205860793591
v 4.75700759887695 204.68388366699219 -0.19381907582283
v 4.69350004196167 204.7393798828125 -0.18382543325424
v 4.64777994155884 204.67988586425781 -0.14404681324959
v 4.60869169235229 204.77912902832031 -0.22184363007545
v 4.56297159194946 204.71963500976562 -0.18206498026848
v 4.62999296188354 204.79486083984375 -0.17383180558681
v 4.58427286148071 204.73536682128906 -0.13405318558216
v 4.58075857162476 204.60466003417969 -0.15227997303009
v 4.51725149154663 204.66014099121094 -0.1422863304615
v 4.60205984115601 204.62039184570312 -0.10426814109087
v 4.53855228424072 204.67587280273438 -0.09427449852228
v 4.69266605377197 204.61064147949219 -0.19601209461689
v 4.62915897369385 204.66612243652344 -0.1860184520483
v 4.64694595336914 204.5511474609375 -0.15623345971107
v 4.58343839645386 204.60664367675781 -0.14623981714249
v 4.70860767364502 204.62242126464844 -0.16008061170578
v 4.64510011672974 204.67790222167969 -0.15008696913719
v 4.66288757324219 204.56292724609375 -0.12030197679996
v 4.5993800163269 204.618408203125 -0.11030833423138
v 4.59854602813721 204.48966979980469 -0.12249497324228
v 4.53503847122192 204.545166015625 -0.11250133067369
v 4.6198468208313 204.50541687011719 -0.07448313385248
v 4.55633974075317 204.56089782714844 -0.06448949873447
v 4.66205310821533 204.43418884277344 -0.13248860836029
v 4.6163330078125 204.37469482421875 -0.09270999580622
v 4.55282592773438 204.43019104003906 -0.08271635323763
v 4.68335437774658 204.44992065429688 -0.08447677642107
v 4.63763427734375 204.39042663574219 -0.04469815641642
v 4.57412672042847 204.4459228515625 -0.03470451757312
v 4.67984056472778 204.3192138671875 -0.10270363837481
v 4.70114135742188 204.33494567871094 -0.054691798985
v 4.78906774520874 204.32321166992188 -0.15247589349747
v 4.80685520172119 204.20823669433594 -0.12269089370966
v 4.74334764480591 204.26371765136719 -0.11269725114107
v 4.81036901473999 204.33894348144531 -0.10446405410767
v 4.82815599441528 204.22396850585938 -0.07467905431986
v 4.76464891433716 204.27944946289062 -0.06468541175127
v 4.67984056472778 204.3192138671875 -0.10270360857248
v 4.63411998748779 204.25971984863281 -0.06292496621609
v 4.69762754440308 204.2042236328125 -0.07291860878468
v 4.70114135742188 204.33494567871094 -0.05469177290797
v 4.65542125701904 204.27545166015625 -0.01491313055158
v 4.71892881393433 204.21995544433594 -0.02490677125752
v 4.58839988708496 204.20022583007812 -0.02314632385969
v 4.65190744400024 204.14472961425781 -0.03313996642828
v 4.60970115661621 204.21595764160156 0.02486551180482
v 4.67320823669434 204.16047668457031 0.01487187016755
v 4.7611346244812 204.14874267578125 -0.08291225135326
v 4.87036228179932 204.15274047851562 -0.13268452882767
v 4.82464218139648 204.09324645996094 -0.09290588647127
v 4.78243589401245 204.16447448730469 -0.03490041196346
v 4.89166355133057 204.16847229003906 -0.08467268943787
v 4.84594345092773 204.10897827148438 -0.04489404708147
v 4.71541452407837 204.08924865722656 -0.04313360527158
v 4.77892208099365 204.03376770019531 -0.05312724411488
v 4.73671579360962 204.10498046875 0.00487822946161
v 4.80022287368774 204.04949951171875 -0.00511540612206
v 4.66969442367554 204.02975463867188 -0.00335496501066
v 4.60618734359741 204.08525085449219 0.00663867639378
v 4.69099569320679 204.04548645019531 0.04465687274933
v 4.6274881362915 204.10098266601562 0.05465051159263
v 4.73320198059082 203.97427368164062 -0.01334860082716
v 4.68748140335083 203.91477966308594 0.02643004059792
v 4.62397432327271 203.97026062011719 0.03642367571592
v 4.75450277328491 203.99000549316406 0.03466323390603
v 4.70878267288208 203.93051147460938 0.07444187998772
v 4.64527559280396 203.98599243164062 0.08443551510572
v 4.79670906066895 203.91877746582031 -0.02334224246442
v 4.75098896026611 203.85928344726562 0.01643639989197
v 4.8180103302002 203.93450927734375 0.02466959506273
v 4.77229022979736 203.87501525878906 0.06444823741913
v 4.84242916107178 203.978271484375 -0.06312088668346
v 4.86373043060303 203.99400329589844 -0.01510904729366
v 4.71045303344727 204.49566650390625 -0.16622710227966
v 4.66473293304443 204.43617248535156 -0.12644845247269
v 4.60122585296631 204.49165344238281 -0.11645481735468
v 4.72639465332031 204.50743103027344 -0.13029561936855
v 4.68067455291748 204.44793701171875 -0.09051697701216
v 4.6171669960022 204.50343322753906 -0.08052333444357
v 4.77396059036255 204.44017028808594 -0.17622074484825
v 4.72824048995972 204.38067626953125 -0.13644209504128
v 4.7899022102356 204.45195007324219 -0.14028926193714
v 4.74418163299561 204.3924560546875 -0.10051061958075
v 4.79174757003784 204.3251953125 -0.14643573760986
v 4.74602746963501 204.26570129394531 -0.10665709525347
v 4.68252038955688 204.32118225097656 -0.09666346013546
v 4.80768918991089 204.33695983886719 -0.11050425469875
v 4.76196908950806 204.27748107910156 -0.07072557508945
v 4.69846153259277 204.33296203613281 -0.06073193252087
v 4.80953502655029 204.210205078125 -0.11665073037148
v 4.74602746963501 204.26570129394531 -0.10665709525347
v 4.7638144493103 204.15072631835938 -0.07687208801508
v 4.70030736923218 204.20620727539062 -0.06687845289707
v 4.82547616958618 204.22198486328125 -0.08071921020746
v 4.76196908950806 204.27748107910156 -0.07072556763887
v 4.77975606918335 204.16249084472656 -0.04094056785107
v 4.71624898910522 204.21798706054688 -0.03094692714512
v 4.71809434890747 204.09123229980469 -0.03709344938397
v 4.65458726882935 204.14671325683594 -0.02709980867803
v 4.73403596878052 204.10299682617188 -0.0011619272409
v 4.67052841186523 204.15849304199219 0.00883171334863
v 4.78160190582275 204.03573608398438 -0.04708708450198
v 4.73588180541992 203.97624206542969 -0.0073084034957
v 4.67237424850464 204.03173828125 0.00268523208797
v 4.79754304885864 204.04751586914062 -0.01115556340665
v 4.75182294845581 203.98802185058594 0.02862307801843
v 4.68831586837769 204.04350280761719 0.03861671313643
v 4.55282592773438 204.43019104003906 -0.08271634578705
v 4.50710535049438 204.37069702148438 -0.04293770715594
v 4.6163330078125 204.37469482421875 -0.09270998835564
v 4.57061290740967 204.31520080566406 -0.05293134599924
v 4.57412672042847 204.4459228515625 -0.03470451012254
v 4.52840662002563 204.38642883300781 0.00507413037121
v 4.63763427734375 204.39042663574219 -0.04469815269113
v 4.59191417694092 204.3309326171875 -0.00491951033473
v 4.50978517532349 204.37266540527344 -0.03689754754305
v 4.46406507492065 204.31318664550781 0.0028810929507
v 4.52757263183594 204.2576904296875 -0.0071125482209
v 4.52572679519653 204.38444519042969 -0.00096602615668
v 4.4800066947937 204.324951171875 0.03881261497736
v 4.54351377487183 204.26947021484375 0.02881897427142
v 4.52489280700684 204.25570678710938 -0.01315270457417
v 4.63411998748779 204.25971984863281 -0.06292498856783
v 4.58839988708496 204.20022583007812 -0.02314634621143
v 4.54619359970093 204.27143859863281 0.03485913202167
v 4.65542125701904 204.27545166015625 -0.014913151972
v 4.60970115661621 204.21595764160156 0.02486548945308
v 4.46138525009155 204.31120300292969 -0.00315904221497
v 4.41566514968872 204.251708984375 0.03661959990859
v 4.52489280700684 204.25570678710938 -0.01315268315375
v 4.47917222976685 204.19622802734375 0.02662595920265
v 4.4826865196228 204.32693481445312 0.04485279321671
v 4.43696641921997 204.26744079589844 0.0846314355731
v 4.54619359970093 204.27143859863281 0.03485915437341
v 4.5004734992981 204.21195983886719 0.07463779300451
v 4.44359827041626 204.42617797851562 -0.03294406831264
v 4.39787817001343 204.36668395996094 0.00683457171544
v 4.50710535049438 204.37069702148438 -0.04293771088123
v 4.46138525009155 204.31120300292969 -0.00315906922333
v 4.46489906311035 204.44190979003906 0.01506776642054
v 4.41917896270752 204.38241577148438 0.05484640970826
v 4.52840662002563 204.38642883300781 0.00507412524894
v 4.4826865196228 204.32693481445312 0.04485276713967
v 4.40055799484253 204.36866760253906 0.01287475042045
v 4.35483741760254 204.30917358398438 0.0526534318924
v 4.46406507492065 204.31318664550781 0.00288110901602
v 4.41834497451782 204.25369262695312 0.04265978932381
v 4.41649913787842 204.38044738769531 0.04880627244711
v 4.37077903747559 204.32095336914062 0.0885849148035
v 4.4800066947937 204.324951171875 0.03881262987852
v 4.43428659439087 204.26545715332031 0.07859127223492
v 4.29133033752441 204.36466979980469 0.06264707446098
v 4.24561023712158 204.30517578125 0.10242571681738
v 4.30911731719971 204.24967956542969 0.09243207424879
v 4.30727195739746 204.37643432617188 0.09857855737209
v 4.26155138015747 204.31694030761719 0.13835719227791
v 4.32505893707275 204.26145935058594 0.12836354970932
v 4.33437061309814 204.42218017578125 0.01682823523879
v 4.28865051269531 204.36268615722656 0.05660687759519
v 4.39787817001343 204.36668395996094 0.00683459360152
v 4.35215759277344 204.30718994140625 0.0466132350266
v 4.35567188262939 204.43791198730469 0.0648400709033
v 4.30995178222656 204.37841796875 0.1046187132597
v 4.41917896270752 204.38241577148438 0.05484642833471
v 4.37345886230469 204.32293701171875 0.09462507069111
v 4.30643749237061 204.24771118164062 0.0863918736577
v 4.41566514968872 204.251708984375 0.03661959245801
v 4.36994504928589 204.19221496582031 0.0763982385397
v 4.32773876190186 204.26344299316406 0.13440370559692
v 4.43696641921997 204.26744079589844 0.08463142812252
v 4.39124584197998 204.20794677734375 0.12441007047892
v 4.22514295578003 204.41816711425781 0.066600471735
v 4.1794228553772 204.35868835449219 0.1063791140914
v 4.28865051269531 204.36268615722656 0.0566068328917
v 4.24293041229248 204.30319213867188 0.09638547152281
v 4.24644422531128 204.43389892578125 0.11461230367422
v 4.20072412490845 204.37442016601562 0.15439094603062
v 4.30995178222656 204.37841796875 0.10461866855621
v 4.26423120498657 204.31892395019531 0.14439731836319
v 4.1821026802063 204.36065673828125 0.11241931468248
v 4.13638257980347 204.30116271972656 0.15219795703888
v 4.24561023712158 204.30517578125 0.10242567956448
v 4.19989013671875 204.24568176269531 0.14220431447029
v 4.19804430007935 204.3724365234375 0.14835080504417
v 4.15232419967651 204.31294250488281 0.18812943994999
v 4.26155138015747 204.31694030761719 0.13835716247559
v 4.21583127975464 204.25746154785156 0.1781357973814
v 4.24293041229248 204.30319213867188 0.09638552367687
v 4.19720983505249 204.24369812011719 0.13616415858269
v 4.30643749237061 204.24771118164062 0.08639188110828
v 4.26071739196777 204.18821716308594 0.12617053091526
v 4.26423120498657 204.31892395019531 0.14439736306667
v 4.21851110458374 204.25942993164062 0.18417599797249
v 4.32773876190186 204.26344299316406 0.13440372049809
v 4.28201866149902 204.20394897460938 0.1741823554039
v 4.07287502288818 204.35665893554688 0.16219159960747
v 4.02715492248535 204.29716491699219 0.20197024941444
v 4.09066247940063 204.24168395996094 0.19197660684586
v 4.08881664276123 204.36842346191406 0.19812308251858
v 4.0430965423584 204.30894470214844 0.23790173232555
v 4.10660362243652 204.25344848632812 0.22790808975697
v 4.11591577529907 204.41416931152344 0.11637276411057
v 4.07019519805908 204.35467529296875 0.15615139901638
v 4.1794228553772 204.35868835449219 0.10637912154198
v 4.13370275497437 204.2991943359375 0.14615775644779
v 4.13721656799316 204.42990112304688 0.16438460350037
v 4.09149646759033 204.37040710449219 0.20416323840618
v 4.20072412490845 204.37442016601562 0.15439096093178
v 4.15500402450562 204.31492614746094 0.19416959583759
v 4.08798265457153 204.23970031738281 0.18593645095825
v 4.19721031188965 204.24369812011719 0.13616412878036
v 4.15148973464966 204.1842041015625 0.17594280838966
v 4.10928344726562 204.25543212890625 0.23394824564457
v 4.21851110458374 204.25942993164062 0.184175953269
v 4.17279100418091 204.19993591308594 0.22395460307598
v 4.00668811798096 204.41017150878906 0.16614504158497
v 3.96096801757812 204.35067749023438 0.20592372119427
v 4.02447509765625 204.29518127441406 0.19593009352684
v 4.02798938751221 204.4259033203125 0.21415688097477
v 3.9822690486908 204.36640930175781 0.25393551588058
v 4.0457763671875 204.3109130859375 0.24394188821316
v 3.96364760398865 204.35264587402344 0.21196387708187
v 3.91792750358582 204.29316711425781 0.25174251198769
v 3.98143482208252 204.2376708984375 0.24174888432026
v 3.97958922386169 204.36442565917969 0.24789535999298
v 3.93386912345886 204.304931640625 0.28767400979996
v 3.99737620353699 204.24945068359375 0.27768036723137
v 3.97875499725342 204.23568725585938 0.23570872843266
v 4.0422625541687 204.18020629882812 0.22571508586407
v 4.00005626678467 204.25141906738281 0.2837205529213
v 4.06356334686279 204.19593811035156 0.27372691035271
v 3.85442018508911 204.34864807128906 0.26173615455627
v 3.8086998462677 204.28915405273438 0.30151483416557
v 3.87220740318298 204.23367309570312 0.29152119159698
v 3.87036156654358 204.36042785644531 0.29766765236855
v 3.82464146614075 204.30093383789062 0.33744630217552
v 3.88814878463745 204.24543762207031 0.32745265960693
v 3.89746046066284 204.40615844726562 0.21591736376286
v 3.85174036026001 204.34666442871094 0.25569599866867
v 3.91524767875671 204.29118347167969 0.24570235610008
v 3.91876173019409 204.42189025878906 0.26392915844917
v 3.87304139137268 204.36239624023438 0.30370783805847
v 3.93654870986938 204.30691528320312 0.29371419548988
v 3.86952757835388 204.231689453125 0.28548103570938
v 3.93303489685059 204.17620849609375 0.27548739314079
v 3.89082860946655 204.24742126464844 0.33349287509918
v 3.95433592796326 204.19194030761719 0.32349923253059
v 3.78823304176331 204.40216064453125 0.26568964123726
v 3.74251270294189 204.34266662597656 0.30546832084656
v 3.80602025985718 204.28717041015625 0.29547467827797
v 3.80953407287598 204.41789245605469 0.31370148062706
v 3.76381397247314 204.3583984375 0.35348013043404
v 3.82732129096985 204.30290222167969 0.34348651766777
v 3.745192527771 204.34465026855469 0.31150847673416
v 3.69947242736816 204.28515625 0.35128709673882
v 3.76297974586487 204.22966003417969 0.34129345417023
v 3.76113414764404 204.35641479492188 0.34743994474411
v 3.71541404724121 204.29692077636719 0.38721862435341
v 3.77892136573792 204.24143981933594 0.37722498178482
v 3.76029992103577 204.22769165039062 0.33525329828262
v 3.82380723953247 204.17219543457031 0.32525965571404
v 3.78160095214844 204.24342346191406 0.38326513767242
v 3.84510850906372 204.18792724609375 0.37327149510384
v 3.7247257232666 204.4576416015625 0.27568328380585
v 3.67900538444519 204.39814758300781 0.31546196341515
v 3.74602675437927 204.47337341308594 0.32369512319565
v 3.70030665397644 204.41387939453125 0.36347377300262
v 3.63328528404236 204.33866882324219 0.3552405834198
v 3.69679260253906 204.28317260742188 0.34524694085121
v 3.65458631515503 204.35440063476562 0.4032524228096
v 3.71809363365173 204.29890441894531 0.39325878024101
v 3.58756518363953 204.2791748046875 0.39501920342445
v 3.65107250213623 204.22367858886719 0.38502556085587
v 3.6088662147522 204.29490661621094 0.44303104281425
v 3.6723735332489 204.23941040039062 0.43303740024567
v 3.71457982063293 204.16819763183594 0.37503191828728
v 3.73588085174561 204.18392944335938 0.42304375767708
v 3.77808713912964 204.11270141601562 0.36503827571869
v 3.79938817024231 204.12843322753906 0.41305011510849
v 3.88731455802917 204.11671447753906 0.31526604294777
v 3.90861582756042 204.1324462890625 0.36327788233757
v 3.99654221534729 204.12071228027344 0.2654937505722
v 4.01784324645996 204.13644409179688 0.31350558996201
v 4.10576963424683 204.12471008300781 0.21572144329548
v 4.12707090377808 204.14044189453125 0.26373326778412
v 4.15148973464966 204.1842041015625 0.17594282329082
v 4.21499729156494 204.12872314453125 0.16594918072224
v 4.17279100418091 204.19993591308594 0.22395461797714
v 4.23629808425903 204.14445495605469 0.21396097540855
v 4.36994504928589 204.19221496582031 0.0763982385397
v 4.32422494888306 204.13272094726562 0.11617688089609
v 4.39124584197998 204.20794677734375 0.1244100779295
v 4.34552574157715 204.14845275878906 0.16418871283531
v 4.43345212936401 204.13673400878906 0.06640460342169
v 4.45475339889526 204.1524658203125 0.11441643536091
v 4.54267978668213 204.14073181152344 0.01663231663406
v 4.56398105621338 204.15646362304688 0.06464415043592
v 4.48931837081909 204.48567199707031 -0.07272271066904
v 4.51061964035034 204.50140380859375 -0.02471087500453
v 4.38009071350098 204.48167419433594 -0.02295042946935
v 4.33437061309814 204.42218017578125 0.01682821288705
v 4.40139198303223 204.49740600585938 0.02506140805781
v 4.35567188262939 204.43791198730469 0.06484004855156
v 4.27086353302002 204.4776611328125 0.02682184800506
v 4.29216432571411 204.49339294433594 0.07483368366957
v 4.1616358757019 204.47366333007812 0.07659411430359
v 4.11591577529907 204.41416931152344 0.11637275665998
v 4.18293714523315 204.48939514160156 0.12460595369339
v 4.13721656799316 204.42990112304688 0.16438458859921
v 4.05240821838379 204.46965026855469 0.12636639177799
v 4.07370948791504 204.48539733886719 0.17437823116779
v 3.94318079948425 204.46565246582031 0.17613868415356
v 3.96448183059692 204.48138427734375 0.22415052354336
v 3.83395314216614 204.46165466308594 0.22591100633144
v 3.85525441169739 204.47738647460938 0.27392280101776
# 424 vertices

vn -0.38850131630898 -0.28694045543671 -0.87563228607178
vn 0.38850268721581 0.28694051504135 0.87563163042068
vn -0.74778389930725 0.65342891216278 0.11768554151058
vn -0.53838562965393 -0.70054280757904 0.46838086843491
vn 0.7477844953537 -0.65342915058136 -0.11768074333668
vn 0.53838574886322 0.70054471492767 -0.46837797760963
vn -0.38850137591362 -0.28694051504135 -0.87563222646713
vn 0.38850635290146 0.2869068980217 0.87564104795456
vn 0.53838211297989 0.70046615600586 -0.46849963068962
vn -0.74786323308945 0.65335321426392 0.11760197579861
vn -0.53838318586349 -0.70054459571838 0.46838104724884
vn 0.74778389930725 -0.65342885255814 -0.11768563091755
vn -0.38850653171539 -0.28690561652184 -0.87564140558243
vn 0.38850796222687 0.28690564632416 0.87564074993134
vn 0.53842341899872 0.70049667358398 -0.46840643882751
vn -0.74782383441925 0.65338158607483 0.11769430339336
vn -0.53842377662659 -0.70049494504929 0.46840870380402
vn 0.74782395362854 -0.65338218212128 -0.11769045889378
vn -0.38850647211075 -0.28690731525421 -0.87564086914062
vn 0.38850691914558 0.28690585494041 0.87564116716385
vn 0.5384213924408 0.70049691200256 -0.46840846538544
vn -0.74782377481461 0.65338170528412 0.11769425868988
vn -0.53842341899872 -0.70049667358398 0.46840643882751
vn 0.74782395362854 -0.65338224172592 -0.11769048124552
vn -0.38846978545189 -0.28693959116936 -0.87564659118652
vn 0.38846838474274 0.28693953156471 0.87564718723297
vn 0.5383295416832 0.70057725906372 -0.46839389204979
vn -0.74782395362854 0.65338224172592 0.11769043654203
vn -0.53832936286926 -0.70057892799377 0.46839162707329
vn 0.74782377481461 -0.65338170528412 -0.11769427359104
vn 0.38850671052933 0.28690582513809 0.87564122676849
vn 0.5384213924408 0.70049703121185 -0.46840831637383
vn -0.74782383441925 0.65338164567947 0.11769428104162
vn -0.53842353820801 -0.70049655437469 0.46840649843216
vn 0.74782395362854 -0.65338218212128 -0.11769044399261
vn -0.38850659132004 -0.28690561652184 -0.87564134597778
vn 0.53842353820801 0.70049655437469 -0.46840646862984
vn -0.5384236574173 -0.70049500465393 0.46840867400169
vn 0.74782395362854 -0.65338218212128 -0.11769047379494
vn -0.38850271701813 -0.28694078326225 -0.87563157081604
vn 0.38850247859955 0.28694045543671 0.87563180923462
vn 0.53842377662659 0.70049488544464 -0.46840873360634
vn -0.74782377481461 0.65338170528412 0.11769431829453
vn -0.53832936286926 -0.70057713985443 0.46839421987534
vn 0.74776059389114 -0.65346395969391 -0.11763935536146
vn -0.38850247859955 -0.28694033622742 -0.87563180923462
vn 0.38846945762634 0.28693926334381 0.8756468296051
vn 0.53828775882721 0.70054632425308 -0.46848809719086
vn -0.74778389930725 0.65342891216278 0.11768567562103
vn -0.53838551044464 -0.70054262876511 0.46838128566742
vn 0.74786269664764 -0.65335291624069 -0.11760677397251
vn -0.38846814632416 -0.28694099187851 -0.8756468296051
vn 0.38846790790558 0.28694066405296 0.87564706802368
vn 0.5383272767067 0.700579226017 -0.4683935046196
vn -0.53832715749741 -0.70057910680771 0.46839383244514
vn 0.74782377481461 -0.65338164567947 -0.11769431829453
vn -0.38846805691719 -0.28694102168083 -0.87564688920975
vn 0.38846802711487 0.28693908452988 0.8756474852562
vn -0.74782383441925 0.65338158607483 0.11769433319569
vn -0.53832912445068 -0.70057880878448 0.46839201450348
vn 0.74782395362854 -0.65338218212128 -0.11769051849842
vn -0.38850268721581 -0.28694045543671 -0.87563169002533
vn 0.38850119709969 0.28694233298302 0.87563174962997
vn 0.53842329978943 0.70049655437469 -0.46840685606003
vn -0.74782633781433 0.65337979793549 0.11768864840269
vn -0.53832930326462 -0.70057886838913 0.46839168667793
vn 0.74776059389114 -0.65346390008926 -0.1176393404603
vn 0.38850131630898 0.28694221377373 0.87563174962997
vn 0.53842329978943 0.70049655437469 -0.46840679645538
vn -0.74782633781433 0.65337979793549 0.11768861114979
vn -0.38846796751022 -0.28694078326225 -0.87564700841904
vn 0.38850665092468 0.28690564632416 0.87564134597778
vn 0.53838324546814 0.70054465532303 -0.46838089823723
vn -0.747862637043 0.65335297584534 0.11760675907135
vn -0.53838557004929 -0.70054453611374 0.46837842464447
vn 0.74776887893677 -0.65342283248901 -0.11781469732523
vn -0.38850644230843 -0.28690698742867 -0.87564098834991
vn 0.38846784830093 0.28694075345993 0.87564706802368
vn 0.53838324546814 0.70054471492767 -0.46838086843491
vn -0.74776822328568 0.65342271327972 0.11781952530146
vn -0.53838324546814 -0.70054465532303 0.46838086843491
vn 0.74786269664764 -0.65335297584534 -0.11760673671961
vn -0.38850665092468 -0.28690558671951 -0.87564134597778
vn 0.38850805163383 0.28690561652184 0.87564069032669
vn -0.74782383441925 0.65338164567947 0.11769430339336
vn -0.53842371702194 -0.70049494504929 0.46840870380402
vn -0.3885013461113 -0.28694054484367 -0.87563222646713
vn 0.38850128650665 0.28694045543671 0.87563228607178
vn 0.53832936286926 0.70057892799377 -0.46839162707329
vn -0.74776071310043 0.65346443653107 0.11763548851013
vn -0.53842341899872 -0.70049667358398 0.46840649843216
vn -0.38850665092468 -0.28690552711487 -0.87564134597778
vn 0.38850665092468 0.28690731525421 0.87564080953598
vn -0.74782395362854 0.65338224172592 0.11769048124552
vn -0.5384213924408 -0.70049697160721 0.46840831637383
vn -0.38846811652184 -0.28693920373917 -0.87564742565155
vn 0.38846978545189 0.28693959116936 0.87564659118652
vn 0.53832912445068 0.70057880878448 -0.46839198470116
vn -0.53832948207855 -0.70057725906372 0.46839389204979
vn 0.74782395362854 -0.65338218212128 -0.1176904886961
vn -0.38850820064545 -0.28690576553345 -0.87564063072205
vn 0.53842341899872 0.70049667358398 -0.46840646862984
vn -0.74782633781433 0.65337979793549 0.11768862605095
vn -0.53842329978943 -0.70049655437469 0.46840679645538
vn 0.74782383441925 -0.65338158607483 -0.11769433319569
vn -0.38846796751022 -0.28694087266922 -0.87564694881439
vn 0.38846933841705 0.28693926334381 0.87564688920975
vn 0.53832936286926 0.70057886838913 -0.46839171648026
vn -0.74782383441925 0.65338164567947 0.11769436299801
vn -0.53832924365997 -0.70057874917984 0.46839195489883
vn 0.74782633781433 -0.65337979793549 -0.11768864095211
vn -0.38846808671951 -0.28693929314613 -0.87564742565155
vn 0.38846832513809 0.28693956136703 0.87564724683762
vn 0.53832918405533 0.70057874917984 -0.46839198470116
vn -0.74782395362854 0.65338218212128 0.1176904886961
vn -0.53832924365997 -0.70057892799377 0.46839171648026
vn 0.74782395362854 -0.65338218212128 -0.11769049614668
vn -0.38850128650665 -0.28694042563438 -0.87563234567642
vn 0.5382878780365 0.70054829120636 -0.46848502755165
vn -0.74778437614441 0.653429210186 0.11768086254597
vn -0.53838318586349 -0.70054465532303 0.46838092803955
vn 0.74786269664764 -0.65335291624069 -0.11760675162077
vn -0.38850647211075 -0.28690701723099 -0.87564098834991
vn 0.38850122690201 0.28694051504135 0.87563228607178
vn 0.53842145204544 0.70049697160721 -0.46840834617615
vn -0.74782383441925 0.65338164567947 0.11769430339336
vn -0.53833854198456 -0.70050978660584 0.46848446130753
vn 0.74782764911652 -0.65339720249176 -0.11758337914944
vn -0.38850253820419 -0.28694036602974 -0.87563180923462
vn 0.38850632309914 0.2869068980217 0.87564104795456
vn 0.53833854198456 0.70050978660584 -0.46848440170288
vn -0.74783009290695 0.65339481830597 0.11758150160313
vn -0.53842341899872 -0.70049667358398 0.46840646862984
vn 0.74782383441925 -0.65338164567947 -0.11769431829453
vn -0.38846775889397 -0.28694051504135 -0.87564712762833
vn 0.38846945762634 0.28693914413452 0.87564688920975
vn 0.53832930326462 0.70057892799377 -0.46839168667793
vn -0.74782383441925 0.65338158607483 0.11769431084394
vn -0.53832930326462 -0.70057892799377 0.46839165687561
vn 0.74782633781433 -0.65337979793549 -0.11768861860037
vn -0.38846790790558 -0.28694072365761 -0.87564700841904
vn 0.38846814632416 0.28693926334381 0.87564742565155
vn -0.74782377481461 0.65338170528412 0.1176942884922
vn 0.74782395362854 -0.65338224172592 -0.11769046634436
vn -0.38850671052933 -0.28690558671951 -0.87564134597778
vn 0.38850647211075 0.28690707683563 0.87564092874527
vn -0.74782395362854 0.65338218212128 0.11769045889378
vn -0.5384213924408 -0.70049697160721 0.46840834617615
vn 0.74782377481461 -0.65338170528412 -0.11769429594278
vn -0.38850650191307 -0.28690707683563 -0.87564092874527
vn 0.38850131630898 0.28694051504135 0.87563228607178
vn -0.53833854198456 -0.70050978660584 0.4684844315052
vn 0.74782764911652 -0.6533972620964 -0.1175833940506
vn 0.5384213924408 0.70049697160721 -0.46840834617615
vn -0.38850665092468 -0.28690564632416 -0.87564134597778
vn 0.38850644230843 0.28690710663795 0.87564092874527
vn -0.38850104808807 -0.28694200515747 -0.87563192844391
vn 0.38850125670433 0.28694051504135 0.87563228607178
vn -0.74782377481461 0.65338170528412 0.11769428104162
vn -0.53832936286926 -0.70057886838913 0.46839165687561
vn 0.74776071310043 -0.65346449613571 -0.11763548105955
vn -0.38850268721581 -0.28694054484367 -0.87563163042068
vn 0.38850644230843 0.28690707683563 0.87564092874527
vn 0.53833848237991 0.70050984621048 -0.4684844315052
vn -0.74783009290695 0.65339481830597 0.11758149415255
vn 0.74782383441925 -0.65338164567947 -0.11769431084394
vn 0.38846951723099 0.28693935275078 0.87564677000046
vn 0.53832930326462 0.70057892799377 -0.46839165687561
vn -0.5383295416832 -0.70057725906372 0.46839389204979
vn -0.38850811123848 -0.28690561652184 -0.87564069032669
vn 0.38850647211075 0.28690701723099 0.87564098834991
vn -0.74782633781433 0.65337979793549 0.11768858879805
vn -0.38846954703331 -0.2869393825531 -0.87564677000046
vn 0.38850671052933 0.28690558671951 0.87564134597778
vn 0.53838545084 0.70054268836975 -0.46838128566742
vn -0.7478631734848 0.65335321426392 0.11760194599628
vn -0.53838557004929 -0.70054453611374 0.46837839484215
vn 0.74776822328568 -0.65342271327972 -0.11781951785088
vn -0.38850656151772 -0.28690710663795 -0.87564086914062
vn -0.74776822328568 0.65342271327972 0.11781951785088
vn -0.53838551044464 -0.70054459571838 0.46837842464447
vn 0.74786323308945 -0.65335321426392 -0.11760197579861
vn -0.38846948742867 -0.28693929314613 -0.87564677000046
vn 0.38850128650665 0.28694227337837 0.87563169002533
vn 0.53838557004929 0.70054459571838 -0.46837836503983
vn -0.74786603450775 0.65335047245026 0.11759908497334
vn -0.53828811645508 -0.70054841041565 0.46848458051682
vn 0.74778389930725 -0.65342897176743 -0.11768556386232
vn -0.38850122690201 -0.28694051504135 -0.87563228607178
vn 0.38850808143616 0.28690561652184 0.87564069032669
vn 0.53838223218918 0.7004662156105 -0.46849942207336
vn -0.74786269664764 0.65335291624069 0.1176066249609
vn -0.38846945762634 -0.28693932294846 -0.87564677000046
vn 0.388506680727 0.28690558671951 0.87564134597778
vn 0.53838562965393 0.70054280757904 -0.46838086843491
vn -0.74786329269409 0.65335315465927 0.11760184168816
vn -0.53838568925858 -0.70054471492767 0.46837797760963
vn 0.74776834249496 -0.65342259407043 -0.11781943589449
vn -0.38850662112236 -0.28690737485886 -0.87564074993134
vn 0.38846945762634 0.28693935275078 0.87564677000046
vn 0.53838574886322 0.70054465532303 -0.46837800741196
vn -0.74776828289032 0.65342271327972 0.11781945824623
vn -0.53838562965393 -0.70054453611374 0.46837839484215
vn 0.7478660941124 -0.65335047245026 -0.11759907752275
vn 0.38850650191307 0.28690707683563 0.87564092874527
vn -0.5384213924408 -0.70049703121185 0.46840831637383
vn -0.3885010778904 -0.28694197535515 -0.87563186883926
vn -0.74778389930725 0.65342891216278 0.11768554896116
vn 0.74786323308945 -0.65335315465927 -0.1176018640399
vn 0.53828573226929 0.70054852962494 -0.46848714351654
vn -0.38846957683563 -0.28693932294846 -0.87564677000046
vn -0.53832930326462 -0.70057892799377 0.46839168667793
vn 0.53832948207855 0.70057725906372 -0.46839392185211
vn -0.38850131630898 -0.28694051504135 -0.87563228607178
vn 0.38850268721581 0.28694054484367 0.87563163042068
vn -0.5383295416832 -0.70057719945908 0.46839392185211
vn 0.74776071310043 -0.65346443653107 -0.11763548105955
vn 0.53842347860336 0.70049667358398 -0.46840646862984
vn -0.38846954703331 -0.28693929314613 -0.87564677000046
vn 0.3884679377079 0.28694075345993 0.87564700841904
vn 0.53832924365997 0.70057892799377 -0.46839171648026
vn -0.38846838474274 -0.28693950176239 -0.87564718723297
vn -0.74786323308945 0.65335315465927 0.11760190874338
vn -0.53838324546814 -0.70054459571838 0.46838092803955
vn 0.74776828289032 -0.65342271327972 -0.11781945824623
vn 0.53838568925858 0.70054471492767 -0.46837794780731
vn 0.38846814632416 0.28693920373917 0.87564742565155
vn -0.74776875972748 0.6534229516983 0.11781474202871
vn -0.53838557004929 -0.70054453611374 0.46837845444679
vn 0.74786269664764 -0.65335297584534 -0.11760675162077
vn -0.53833872079849 -0.70050817728043 0.46848666667938
vn -0.3885010778904 -0.28694200515747 -0.87563186883926
vn 0.38850665092468 0.28690558671951 0.87564134597778
vn -0.74782752990723 0.65339666604996 0.11758718639612
vn -0.53842341899872 -0.70049661397934 0.46840652823448
vn 0.74782395362854 -0.65338218212128 -0.11769048124552
vn 0.53833645582199 0.7005101442337 -0.46848630905151
vn -0.3885010778904 -0.28694197535515 -0.87563192844391
vn 0.38850122690201 0.286940574646 0.87563228607178
vn -0.74776059389114 0.65346390008926 0.11763933300972
vn -0.53842347860336 -0.70049667358398 0.46840646862984
vn 0.53832721710205 0.700579226017 -0.46839356422424
vn -0.38846787810326 -0.28694072365761 -0.87564700841904
vn 0.38850265741348 0.28694045543671 0.87563169002533
vn -0.74786269664764 0.65335297584534 0.11760672181845
vn -0.5382878780365 -0.70054829120636 0.46848499774933
vn 0.747787296772 -0.6534264087677 -0.11767801642418
vn 0.53838557004929 0.70054459571838 -0.46837830543518
vn -0.38846808671951 -0.28693932294846 -0.87564742565155
vn -0.5383272767067 -0.70057916641235 0.46839359402657
vn 0.74782377481461 -0.65338170528412 -0.11769429594278
vn -0.38850110769272 -0.28694197535515 -0.87563186883926
vn 0.3885013461113 0.28694051504135 0.87563228607178
vn -0.74778383970261 0.65342897176743 0.11768563091755
vn -0.53838557004929 -0.70054459571838 0.46837836503983
vn 0.74778443574905 -0.653429210186 -0.11768084764481
vn -0.38846814632416 -0.28693920373917 -0.87564742565155
vn -0.5383272767067 -0.700579226017 0.4683935046196
vn 0.74782383441925 -0.65338164567947 -0.11769429594278
vn -0.38850691914558 -0.28690594434738 -0.8756411075592
vn 0.38850674033165 0.28690558671951 0.87564128637314
vn -0.74782395362854 0.65338218212128 0.11769048124552
vn 0.74782395362854 -0.65338218212128 -0.11769050359726
vn 0.53842347860336 0.70049661397934 -0.46840649843216
vn -0.38850831985474 -0.28690600395203 -0.87564045190811
vn 0.3885073363781 0.28690564632416 0.87564104795456
vn -0.74782383441925 0.6533819437027 0.11769240349531
vn -0.53842347860336 -0.70049571990967 0.46840789914131
vn 0.74782377481461 -0.65338170528412 -0.11769431829453
vn 0.5384236574173 0.70049500465393 -0.46840867400169
vn -0.38850176334381 -0.28694128990173 -0.87563180923462
vn 0.38846880197525 0.28693932294846 0.87564706802368
vn -0.74778383970261 0.65342897176743 0.11768562346697
vn -0.53838557004929 -0.70054364204407 0.46837973594666
vn 0.74786293506622 -0.65335309505463 -0.1176043599844
vn 0.53828674554825 0.70054739713669 -0.46848773956299
vn -0.38846790790558 -0.28694066405296 -0.87564706802368
vn 0.3884696662426 0.28693944215775 0.87564665079117
vn -0.74782377481461 0.65338170528412 0.11769433319569
vn -0.53832924365997 -0.70057892799377 0.46839174628258
vn 0.74782633781433 -0.65337973833084 -0.11768864095211
vn -0.38846826553345 -0.28694021701813 -0.87564700841904
vn 0.38850662112236 0.28690633177757 0.8756411075592
vn -0.74786293506622 0.65335309505463 0.11760434508324
vn -0.53838437795639 -0.70054453611374 0.46837976574898
vn 0.7477685213089 -0.65342277288437 -0.11781707406044
